683
2332
2333
2334
2335
2336
2337
2338
2339
2340
2341
2342
2343
2344
3378
3495
3730
4336
5149
4383
5532
6229
6231
6232
6233
6235
6239
6390
6391
6394
6395
6396
6397
6398
6399
6400
6402
6404
6405
6406
6408
6410
6411
6412
6415
6416
6417
6419
6420
6421
6423
6424
6425
6427
6429
6431
6432
6433
6434
6435
6436
6438
6439
6442
6444
6445
6447
6448
6450
6452
6454
6455
6456
6458
6460
6462
7712
7713
7714
8488
8557
9434
9852
10385
11166
11169
11172
11174
11177
11179
11181
11184
11190
11191
11192
11195
11196
11199
11227
11232
11370
11700
12100
12104
12206
12207
12208
12209
12210
12211
12212
12213
12214
12215
12219
12509
9569
13572
13984
15119
16071
18726
18817
20118
20215
20802
22034
22480
22955
22956
23085
23245
24063
24065
24069
24073
24074
24664
25120
25124
25126
25132
25133
25135
25600
25846
27794
27795
27796
27797
27798
27799
27800
27801
27802
27803
27804
27805
27806
27807
27808
27809
27810
27811
27812
27814
27815
27816
27818
27819
27820
27821
27822
27823
27824
27825
27826
27827
27828
27829
28068
28146
28851
28994
28996
28998
29214
29693
29699
29927
29929
30090
30091
30093
30607
30928
31293
31771
32309
32433
32564
33349
33619
33620
33621
33622
33980
34479
35165
36032
37079
35075
38115
38116
38117
38118
38119
38121
38122
38123
38126
38127
38128
38129
38130
38132
38135
38136
38138
38142
38143
38144
38145
38149
38151
38153
38156
38292
38293
38294
38295
38296
38297
38298
38299
38540
39081
39686
39819
40387
40389
40390
40392
40616
40617
40643
40788
40795
40806
40844
40973
40974
40975
40976
40977
40978
40979
40980
40981
40982
40983
40984
40985
40986
40987
40988
40989
40996
40998
40999
41000
41001
41002
41007
41010
41012
41017
41047
41142
42364
43548
44406
44879
45054
45055
45056
45058
45062
45063
45064
44333
45169
45172
47336
47410
47510
47512
47513
47514
47515
47516
47517
48291
48663
48664
49973
50416
50570
50678
50679
50680
50682
50684
50686
50687
50688
50690
51393
52482
52963
53783
54422
54585
54586
54860
54861
55281
55363
55915
58282
59352
59544
59754
60470
60473
60988
61486
61619
61900
61968
61969
62024
114294
124554
125784
132352
136208
140453
141962
144902
151721
152187
153315
153751
153814
154104
162211
162748
164830
166139
168183
170300
172840
172842
172846
172848
173085
173378
174299
174303
174306
176659
177296
177918
180398
180399
180401
180403
180404
181564
184493
186012
186730
188344
190789
193000
194897
197925
197969
199801
200091
200194
202214
203122
204938
205021
205124
205128
205132
207354
214030
214031
214032
215173
215793
216319
216321
216322
216323
216324
216325
216327
216329
216392
216393
216394
216395
216397
216398
216404
216405
216406
216407
216409
216410
216412
216415
216416
216418
216419
216421
216501
216509
216510
216511
216512
216513
216514
216515
216516
216517
216518
216519
216992
217096
217386
217463
217584
217601
217987
218187
218201
218239
218642
220654
220698
220706
220708
222861
224973
226770
226778
229765
230849
230851
230853
234428
235307
236515
236710
237205
238621
239453
241643
241645
241647
241649
241653
241655
241657
244108
245169
245171
245948
245950
245952
245954
247710
258156
259121
261015
261250
262225
266453
266873
268764
269284
269287
270758
271438
272069
279119
279315
280253
283325
284587
291244
291250
292398
292834
292936
293321
293393
293399
293465
294415
294421
296355
296722
296747
296749
297564
297566
297568
297574
297648
297650
297654
297662
298932
299537
299834
301414
301416
303163
305015
305023
305033
305039
305043
305047
305049
306073
306443
306447
306451
306579
306581
308089
308091
308093
308097
309293
309305
309803
309806
309815
309817
309827
309829
309839
309844
309849
309873
309889
309899
309907
309911
309915
310834
310838
310848
310855
310861
310868
310870
310874
310878
310882
310890
310896
310899
310910
310914
310918
311244
311328
317229
319455
321695
322374
329867
329877
329897
330089
330129
330141
330201
330253
330261
330263
330265
330281
330293
330329
330339
330361
330387
330967
335065
338265
338267
338269
338385
339229
339715
340168
340170
340172
344741
344743
344745
344747
345051
346757
348940
349162
349167
349183
349266
349267
349268
349269
349270
349271
349272
349273
352540
353425
353426
353427
353428
353429
353431
353432
353434
353436
353437
356392
358567
358954
361007
362775
362777
362779
365677
365785
368425
369284
370456
371128
371895
372819
372829
373003
374871
374922
378765
378767
378768
378769
378770
379164
381687
383318
383319
383320
383321
383322
383323
383326
383438
383439
386291
386292
386293
386294
386912
386921
386922
386923
386924
386925
386928
388000
391875
392021
392928
393554
397622
400914
400915
400916
400918
400924
402304
403633
403717
403719
403826
404629
404946
406919
407129
408097
408101
409933
409935
409936
409937
409938
409939
409940
409941
409942
409943
409944
409945
409946
410221
410222
410223
410224
410225
410226
410227
410228
410229
410230
410231
410232
410233
410234
410235
410262
410263
410264
410266
410267
410268
410269
410270
410271
410272
410273
410274
410276
410354
411202
411949
412267
412728
413033
413873
415797
415853
415854
416809
416810
417330
417355
419359
423121
423135
425327
425400
430720
430948
430950
431112
432781
432838
432839
434174
434710
434922
435011
435017
435019
437704
440262
440264
440978
441054
441399
441437
441461
441468
441469
441812
441886
442277
442279
442673
443011
443013
443017
443352
445442
446114
446187
446195
447318
447358
448062
448186
448360
449038
449693
450329
450374
452364
452514
453142
453947
454672
456326
456960
456972
457577
457581
457582
457583
461743
463592
468212
469225
473846
475974
482865
483258
483530
485967
486567
486571
486678
487547
507334
508266
508849
511232
515740
517796
518185
518402
518417
518418
520570
522736
524735
524739
526573
529064
529065
533870
534203
537574
538458
540408
540416
540446
540452
540455
541122
541132
541133
541134
541135
541136
541137
541169
541170
541171
541173
543455
544755
545152
545153
545154
545155
545156
560449
561037
563529
573052
573057
573073
573074
576421
576422
576426
576427
576428
581451
582291
582292
582347
582487
582488
582496
582595
582596
582597
582645
582646
582897
583458
583461
583463
583464
583498
583637
583670
584315
584316
584604
584607
584727
585675
585867
585870
586169
586378
586525
586587
586588
586591
587813
588049
588164
589220
590801
590918
591300
594275
594276
596208
596210
596509
596513
596807
596810
596815
596849
596850
596863
596870
597030
597991
597992
601050
601053
601057
601058
601059
601064
601396
604241
604926
605804
607159
607914
607916
608014
608930
608932
609066
609246
611799
612601
612705
615511
615634
615659
615661
615740
615771
615811
616223
617210
617284
617285
617287
617289
617292
617323
618856
618939
619402
619403
619411
619807
620379
620392
620424
620562
621821
621822
621823
623179
623911
624011
625127
625131
625132
625147
625160
625354
626767
626939
627712
628469
630160
631835
632427
632630
632631
632635
634576
634744
636122
636963
637901
638583
638830
638844
638861
638936
641462
644373
646030
646031
646319
648140
656440
657025
657100
660416
664586
664860
666278
